[1, 2, 3, 4, 5, 6, 7, 8, '*']
True 1 0.0
[1, 2, 3, 4, 5, 6, 7, 8, '*']
True 1 0.0
[1, 2, 3, 4, 5, 6, 7, 8, '*']
True 1 0.0
[1, 2, '*', 4, 5, 3, 7, 8, 6]
True 4 0.0020003318786621094
[1, 2, '*', 4, 5, 3, 7, 8, 6]
True 3 0.0010004043579101562
[1, 2, '*', 4, 5, 3, 7, 8, 6]
True 3 0.0010006427764892578
[8, 7, 1, 6, '*', 2, 5, 4, 3]
True 154228 6182.821357250214
[8, 7, 1, 6, '*', 2, 5, 4, 3]
True 10720 62.51793885231018
[8, 7, 1, 6, '*', 2, 5, 4, 3]
True 736 2.340409994125366
[1, 2, 3, 4, 5, 6, 7, '*', 8]
True 4 0.001501321792602539
[1, 2, 3, 4, 5, 6, 7, '*', 8]
True 2 0.0004999637603759766
[1, 2, 3, 4, 5, 6, 7, '*', 8]
True 2 0.0005002021789550781
['*', 1, 2, 4, 5, 3, 7, 8, 6]
True 30 0.03300619125366211
['*', 1, 2, 4, 5, 3, 7, 8, 6]
True 5 0.0030007362365722656
['*', 1, 2, 4, 5, 3, 7, 8, 6]